$ANSIBLE_VAULT;1.1;AES256
64626633373734613038613135306535666437373466616566643632623261656336356636656433
3837323062363634333933623033663038393231623931320a613939663164646436643866363030
33356164306235376561653137666563613963666662313337353734666362633631653638363437
6334633138653936330a313432373237353734323632303664663962396162306166616435663635
34323838326232386465316464313532303739616535353632633637613838663136376137313064
63373036343230646165313139383133626634396134376439323936323536373133663263656262
31636634373430336531386530393239663436623037333962303836353330373262653834633065
63653437336330306139303065356135646264346434373566636164376166383438623239386534
38616433373335313866633563316335323033346632663462306535646536613562353638626439
62366231313639636532336239663165623362376538616533633164633130333237396535356365
38636365636161653835326537666337383462663830373761336235633633376636383562666566
66623135656537666331323062306633363037623366643265383265336164376235626531323366
34313463643765303063633663316234663436623262323535363364616432666330633038663263
36383538346332356135646436343463623361656163623331623566323735333264656130623461
65316338653262313939636537313234363738376239646266353530376534313031636430323936
65373837643639613439643762323535303036626564666464313835386635333530313932396330
38396261336531653432656539646266353234656134653363636533626530363430316530313166
33633564346561343534646164653931633832353335613566306330303264353464323538373365
31313064333033386439633730333263653366383663326139616134613234666264626263643237
33323663383964303235303065626630363632343362656336303166643663323564313835633338
61346163343639336636323166383964323131353339663730356432393666636632393733336434
35326336643966303965656264356633353630633865633161646662643735396234663166386565
36313531653433386135653631306239636564623334386464323461646435353134666531323238
64373036373861326332333962366436376330363035373234386266336134393762636137363134
32383663633162623664343435653734393330666335666239353864343338633561373536343163
64633939363634626235363632373936323638636666326263623135623730363264366535343663
35353631383633366231383036656566393361353161353265633933376130626636356530636262
32363636383630663733653366323132396133396135663532623866386232346166643632303965
38633132613966646438653866366134666530383839613865336235633032373335333734363937
38353934343537383866323532323335666132316131653835356666363135643339646664656338
63313462303532313632346666363631333865663737656562316463366532363064333665323333
32646635643464356263303033653232356532343639653037356266363832363931303936306338
66643933643838343333663231663866393164363366396163303262346332643763663463363564
35323036313766343934363134303235323465633564346134393561373430303662643237363937
38626430636264653361623265396163346532323330376331633861663264346634316463343631
31393066326536303365376335373930343864363039313938643139316161396261643136633035
63626665623165313864663631366664636537306436663866343637363664623438316236343630
32383132326239363261616566633366656136613765303436373663336235316635343936656238
65353636373030643861343535363932303065633735623635346230383866396533663666343537
34383665373934366233396234636366303133376436353436643736373065343261376561333039
66613966636434653933636132623963666134666566376534613237646666323763643235326463
33643538613761376432643761343132393539363930613037356466626433356230623465313331
38356236336463633836636166393734316137636133356239333138346165306133326437383633
66353962616238373932633133646166396137346262626332366438613035393063613033353963
62623131333263623262643561623239653362353337333966636664623764663333343562626230
34356635346330653132646337636164396562623134623962343463376236373230636466633539
33373464633661313431333362376664633733623666366336626462353538353030323233643931
36316461373832333166646636376538623930663432636332316466666130353461356265663631
33656634346637313738656434616532383238333438643961636338643939313536323261353164
62653439653237316665663536343437656535336332626134386138323034313530666331393533
65393636393538366162303561316563643732356363393066366231386237663832626132313139
35386163363632373465636130326538343936626265626163376665333230306436343365663565
37316331326262323463366566646331323030383538393564303337386337316339376564363464
39333763366539663832313636633563663562666136633538636337376462323366393436303634
63663065346434353564633062376662393263666537306638653737336661386561626336646436
64386531393466356561326564636432616335613461386165653937366466363836313237613065
36356437346561646336353666373235656537343263386563316338653537393632363766653036
34333838376363623635396665633132363866646331383165636263383636316636366231636638
33663139333035393266643263373936373764323533643063633233373030616566633230343264
65396665393766353362396162393038373634613638393436396262626332653534613239316366
30353036316165386637386139336639653830663966616662326564306233623435656130313738
62333331643737663931346666333563353830653837363839336163343662633131346161343737
33663964323163636637313234323838323933623032333635663638346630643634633564363165
62346364616663333864366565316466326438323565353662623731646165323838386261623939
65343330333635633135373835643135343066363564396139346464366562386131386138303931
63653034626235356262343233663735343634303235363863343561313238316662396162636534
62353736363165333566623236373233353234356637616633393864663461613932623461363137
31663831336134356161386431386333663937323439616566363865623336346234363539303334
36383037656339363866323838383734663163343266376264366461613637353633316663313438
62316530383261373566633362316132303934303361633939333639636665373930633130333730
30613065326435313533666232303433663533613739386137393165656235383433653336393638
32376332353762326561396133323062323134643136343130323132303766623536663534643266
32656130353363353632316365336362633363653265366136666665623232346236343133373037
37383765323635646236303438643031336137373966666365326634323339366537323337376539
38343430336633613364646638306531613034633461616564386638393030383731323930633963
65316131613835616330613431316466643864663463323363306134316233313731393337396239
66653332623833386663313864323163363938633139303364346436303963333232643464666334
35316662666264313065313031396665376163646562636165656566613661353230343031356265
65343836343563323961343863653638376366336139396234623862663237336335386235343338
62643538386537336363656665313565373465376466393735653634316363633062323561303436
31626631663961653663303934393465306566396431333561636363333830323664353237643737
34613131623938663336653463613938613863383136346166623561363833393564633565613139
61616364646562376538396564333831636638376331643330376637326536323433333938373666
38336566356561623136383065643135383239373164393432346663386538363163393338333735
64633835626237376465366464356362366366623165383962643966393862613239386265346464
30333430383833363631356631393665396430623231386263313666623437313532336636393230
31646135656566356165383161616539616633383438373763356333613130663337373464343431
37353763396539306466
